energy_charge = {
  format = "lines";
  vertices = [
    0.0,0.8, 1.0,0.0,
    1.0,0.0, 0.0,-0.8,
    0.0,-0.8, -1.0,0.0,
    -1.0,0.0, 0.0,0.8,
    0.0,0.3, 0.0,-0.3,
    0.3,0.0, -0.3,0.0
  ];
};

magneto_bomb = {
  format = "loop";
  vertices = [
    1.0000, 0.0000,
    0.7391, 0.3061,
    0.7071, 0.7071,
    0.3061, 0.7391,
    0.0000, 1.0000,
    -0.3061, 0.7391,
    -0.7071, 0.7071,
    -0.7391, 0.3061,
    -1.0000, 0.0000,
    -0.7391, -0.3061,
    -0.7071, -0.7071,
    -0.3061, -0.7391,
    -0.0000, -1.0000,
    0.3061, -0.7391,
    0.7071, -0.7071,
    0.7391, -0.3061
  ];
};

plasma_burst = {
  format = "lines";
  vertices = [
    0.0000, 0.0000, 0.0000, 1.0000, 0.0000, 0.0000, 0.8660, 0.5000, 0.0000, 0.0000, 0.8660, -0.5000,
    0.0000, 0.0000, 0.0000, -1.0000, 0.0000, 0.0000, -0.8660, -0.5000, 0.0000, 0.0000, -0.8660, 0.5000
  ];
};

semiguided_bomb = {
  format = "lines";
  include = ["magneto_bomb"];
  vertices = [
    -0.4,0.0, 0.0,0.3,
    0.0,0.3, 0.4,0.0,
    -0.4,-0.3, 0.0,0.0,
    0.0,0.0, 0.4,-0.3
  ];
};

gatling_plasma_burst = {
  format = "lines";
  vertices = [
-0.500000, 0.000000, -0.500000, -1.000000,
0.500000, 0.000000, 0.500000, -1.000000,
0.000000, 1.000000, 0.000000, 0.000000,
-0.066987, -0.250000, -0.933013, -0.750000,
0.933013, -0.250000, 0.066987, -0.750000,
0.433013, 0.750000, -0.433013, 0.250000,
-0.066987, -0.750000, -0.933013, -0.250000,
0.933013, -0.750000, 0.066987, -0.250000,
0.433013, 0.250000, -0.433013, 0.750000
  ];
};

monophasic = {
  format = "lines";
  vertices = [
    0.0,-1.0, 0.0,1.0,
    -0.5,0.0, 0.5,0.0,
    -0.25,-0.5, 0.25,-0.5,
    -0.25,0.5, 0.25,0.5
  ];
};

missile_launcher = {
  format = "strip";
  vertices = [
0.000000, 0.000000,
0.036084, 0.020833,
0.041667, 0.072169,
0.000000, 0.125000,
-0.083333, 0.144338,
-0.180422, 0.104167,
-0.250000, 0.000001,
-0.252591, -0.145833,
-0.166668, -0.288675,
-0.000001, -0.375000,
0.208332, -0.360845,
0.396927, -0.229169,
0.500000, -0.000003,
0.469099, 0.270831,
0.291670, 0.505180,
0.000004, 0.625000,
-0.333330, 0.577353,
-0.613432, 0.354171,
-0.750000, 0.000006,
-0.685607, -0.395828,
-0.416673, -0.721684,
-0.000008, -0.875000,
0.458326, -0.793861,
0.829936, -0.479175
  ];
};

particle_beam = {
  format = "lines";
  vertices = [
0.500000, 0.866025, 0.000000, 1.000000,
0.000000, 1.000000, -0.500000, 0.866025,
-0.500000, 0.866025, -0.150000, 0.259808,
-0.150000, 0.259808, 0.000000, 0.300000,
0.000000, 0.300000, 0.150000, 0.259808,
0.150000, 0.259808, 0.500000, 0.866025,
-1.000000, 0.000000, -0.866025, -0.500000,
-0.866025, -0.500000, -0.500000, -0.866025,
-0.500000, -0.866025, -0.150000, -0.259808,
-0.150000, -0.259808, -0.259808, -0.150000,
-0.259808, -0.150000, -0.300000, 0.000000,
-0.300000, 0.000000, -1.000000, 0.000000,
0.500000, -0.866026, 0.866025, -0.500000,
0.866025, -0.500000, 1.000000, -0.000000,
1.000000, -0.000000, 0.300000, -0.000000,
0.300000, -0.000000, 0.259808, -0.150000,
0.259808, -0.150000, 0.150000, -0.259808,
0.150000, -0.259808, 0.500000, -0.866026
  ];
};

hourglass = {
  format = "loop";
  vertices = [ 1.0,1.0, 1.0,-1.0, -1.0,-1.0, -1.0,1.0 ];
};
